-1
0
-1





reverse.dat
1024
25





f1.dat
512
30





r1.dat
512
32





-1
0
-1





-1
0
-1





-1
0
-1





-1
0
-1





-1
0
-1





-1
0
-1





-1
0
-1





-1
0
-1





-1
0
-1





-1
0
-1





-1
0
-1





-1
0
-1





-1
0
-1





-1
0
-1





-1
0
-1





-1
0
-1





-1
0
-1





-1
0
-1





-1
0
-1





-1
0
-1





-1
0
-1





-1
0
-1





-1
0
-1





-1
0
-1





-1
0
-1





-1
0
-1





-1
0
-1





-1
0
-1





-1
0
-1





-1
0
-1





-1
0
-1





-1
0
-1





-1
0
-1





-1
0
-1





-1
0
-1





-1
0
-1





-1
0
-1





-1
0
-1





-1
0
-1





-1
0
-1





-1
0
-1





-1
0
-1





-1
0
-1





-1
0
-1





-1
0
-1





-1
0
-1





-1
0
-1





-1
0
-1





-1
0
-1





-1
0
-1





-1
0
-1





-1
0
-1





-1
0
-1





-1
0
-1





-1
0
-1





-1
0
-1





-1
0
-1





-1
0
-1





-1
0
-1





-1
0
-1





